0.000000 0.000000 1.000000 
0.003700 0.003707 1.003693 
0.007400 0.007427 1.007372 
0.011100 0.011161 1.011038 
0.014800 0.014909 1.014689 
0.018500 0.018670 1.018327 
0.022200 0.022445 1.021950 
0.025900 0.026232 1.025559 
0.029600 0.030034 1.029153 
0.033300 0.033848 1.032733 
0.037000 0.037676 1.036299 
0.040700 0.041517 1.039850 
0.044400 0.045371 1.043386 
0.048100 0.049238 1.046907 
0.051800 0.053118 1.050413 
0.055500 0.057011 1.053904 
0.059200 0.060917 1.057380 
0.062900 0.064835 1.060840 
0.066600 0.068767 1.064286 
0.070300 0.072711 1.067716 
0.074000 0.076668 1.071130 
0.077700 0.080637 1.074529 
0.081400 0.084619 1.077912 
0.085100 0.088614 1.081279 
0.088800 0.092621 1.084630 
0.092500 0.096640 1.087965 
0.096200 0.100672 1.091285 
0.099900 0.104716 1.094588 
0.103600 0.108772 1.097874 
0.107300 0.112840 1.101145 
0.111000 0.116920 1.104399 
0.114700 0.121013 1.107637 
0.118400 0.125117 1.110857 
0.122100 0.129233 1.114062 
0.125800 0.133361 1.117249 
0.129500 0.137500 1.120420 
0.133200 0.141652 1.123574 
0.136900 0.145815 1.126710 
0.140600 0.149989 1.129830 
0.144300 0.154176 1.132932 
0.148000 0.158373 1.136017 
0.151700 0.162582 1.139085 
0.155400 0.166802 1.142136 
0.159100 0.171034 1.145169 
0.162800 0.175277 1.148184 
0.166500 0.179530 1.151182 
0.170200 0.183795 1.154162 
0.173900 0.188071 1.157124 
0.177600 0.192358 1.160068 
0.181300 0.196656 1.162994 
0.185000 0.200964 1.165903 
0.188700 0.205283 1.168793 
0.192400 0.209613 1.171665 
0.196100 0.213954 1.174519 
0.199800 0.218305 1.177355 
0.203500 0.222666 1.180172 
0.207200 0.227038 1.182970 
0.210900 0.231420 1.185751 
0.214600 0.235812 1.188512 
0.218300 0.240215 1.191255 
0.222000 0.244628 1.193980 
0.225700 0.249050 1.196685 
0.229400 0.253483 1.199372 
0.233100 0.257926 1.202039 
0.236800 0.262378 1.204688 
0.240500 0.266840 1.207318 
0.244200 0.271312 1.209929 
0.247900 0.275794 1.212520 
0.251600 0.280285 1.215093 
0.255300 0.284786 1.217646 
0.259000 0.289295 1.220180 
0.262700 0.293815 1.222694 
0.266400 0.298343 1.225189 
0.270100 0.302881 1.227665 
0.273800 0.307428 1.230121 
0.277500 0.311984 1.232557 
0.281200 0.316549 1.234974 
0.284900 0.321123 1.237371 
0.288600 0.325706 1.239748 
0.292300 0.330297 1.242106 
0.296000 0.334897 1.244443 
0.299700 0.339506 1.246761 
0.303400 0.344123 1.249059 
0.307100 0.348749 1.251337 
0.310800 0.353383 1.253595 
0.314500 0.358025 1.255833 
0.318200 0.362676 1.258050 
0.321900 0.367335 1.260248 
0.325600 0.372002 1.262425 
0.329300 0.376677 1.264583 
0.333000 0.381360 1.266719 
0.336700 0.386051 1.268836 
0.340400 0.390749 1.270932 
0.344100 0.395455 1.273008 
0.347800 0.400169 1.275064 
0.351500 0.404891 1.277099 
0.355200 0.409620 1.279113 
0.358900 0.414356 1.281107 
0.362600 0.419100 1.283081 
0.366300 0.423851 1.285034 
0.370000 0.428609 1.286966 
0.373700 0.433375 1.288878 
0.377400 0.438147 1.290769 
0.381100 0.442926 1.292639 
0.384800 0.447712 1.294489 
0.388500 0.452505 1.296318 
0.392200 0.457305 1.298126 
0.395900 0.462112 1.299913 
0.399600 0.466925 1.301680 
0.403300 0.471744 1.303426 
0.407000 0.476570 1.305151 
0.410700 0.481402 1.306855 
0.414400 0.486241 1.308538 
0.418100 0.491085 1.310200 
0.421800 0.495936 1.311842 
0.425500 0.500793 1.313462 
0.429200 0.505656 1.315062 
0.432900 0.510524 1.316641 
0.436600 0.515399 1.318199 
0.440300 0.520279 1.319735 
0.444000 0.525165 1.321251 
0.447700 0.530056 1.322746 
0.451400 0.534953 1.324220 
0.455100 0.539855 1.325673 
0.458800 0.544763 1.327105 
0.462500 0.549676 1.328515 
0.466200 0.554594 1.329905 
0.469900 0.559517 1.331274 
0.473600 0.564445 1.332622 
0.477300 0.569379 1.333949 
0.481000 0.574317 1.335255 
0.484700 0.579259 1.336540 
0.488400 0.584207 1.337804 
0.492100 0.589159 1.339046 
0.495800 0.594116 1.340268 
0.499500 0.599077 1.341469 
0.503200 0.604043 1.342649 
0.506900 0.609013 1.343808 
0.510600 0.613987 1.344946 
0.514300 0.618965 1.346064 
0.518000 0.623948 1.347160 
0.521700 0.628934 1.348235 
0.525400 0.633925 1.349289 
0.529100 0.638919 1.350323 
0.532800 0.643917 1.351336 
0.536500 0.648919 1.352327 
0.540200 0.653924 1.353298 
0.543900 0.658933 1.354248 
0.547600 0.663946 1.355178 
0.551300 0.668961 1.356086 
0.555000 0.673981 1.356974 
0.558700 0.679003 1.357841 
0.562400 0.684029 1.358688 
0.566100 0.689057 1.359513 
0.569800 0.694089 1.360318 
0.573500 0.699124 1.361103 
0.577200 0.704161 1.361867 
0.580900 0.709201 1.362610 
0.584600 0.714244 1.363333 
0.588300 0.719290 1.364035 
0.592000 0.724338 1.364717 
0.595700 0.729389 1.365378 
0.599400 0.734442 1.366019 
0.603100 0.739497 1.366640 
0.606800 0.744555 1.367240 
0.610500 0.749615 1.367820 
0.614200 0.754677 1.368379 
0.617900 0.759741 1.368919 
0.621600 0.764807 1.369438 
0.625300 0.769875 1.369937 
0.629000 0.774944 1.370416 
0.632700 0.780016 1.370875 
0.636400 0.785089 1.371314 
0.640100 0.790164 1.371733 
0.643800 0.795240 1.372132 
0.647500 0.800317 1.372511 
0.651200 0.805396 1.372871 
0.654900 0.810476 1.373210 
0.658600 0.815558 1.373530 
0.662300 0.820641 1.373830 
0.666000 0.825724 1.374111 
0.669700 0.830809 1.374372 
0.673400 0.835895 1.374613 
0.677100 0.840981 1.374835 
0.680800 0.846068 1.375038 
0.684500 0.851156 1.375221 
0.688200 0.856245 1.375385 
0.691900 0.861334 1.375529 
0.695600 0.866424 1.375655 
0.699300 0.871514 1.375761 
0.703000 0.876604 1.375849 
0.706700 0.881695 1.375917 
0.710400 0.886786 1.375966 
0.714100 0.891877 1.375997 
0.717800 0.896969 1.376008 
0.721500 0.902060 1.376001 
0.725200 0.907151 1.375976 
0.728900 0.912242 1.375931 
0.732600 0.917333 1.375868 
0.736300 0.922423 1.375787 
0.740000 0.927514 1.375687 
0.743700 0.932603 1.375569 
0.747400 0.937693 1.375432 
0.751100 0.942782 1.375278 
0.754800 0.947870 1.375105 
0.758500 0.952957 1.374914 
0.762200 0.958044 1.374705 
0.765900 0.963130 1.374479 
0.769600 0.968215 1.374234 
0.773300 0.973300 1.373972 
0.777000 0.978383 1.373692 
0.780700 0.983465 1.373394 
0.784400 0.988546 1.373079 
0.788100 0.993626 1.372747 
0.791800 0.998704 1.372397 
0.795500 1.003781 1.372029 
0.799200 1.008857 1.371645 
0.802900 1.013931 1.371243 
0.806600 1.019004 1.370825 
0.810300 1.024076 1.370389 
0.814000 1.029145 1.369937 
0.817700 1.034213 1.369468 
0.821400 1.039279 1.368982 
0.825100 1.044343 1.368479 
0.828800 1.049406 1.367960 
0.832500 1.054466 1.367425 
0.836200 1.059525 1.366873 
0.839900 1.064581 1.366305 
0.843600 1.069635 1.365720 
0.847300 1.074688 1.365120 
0.851000 1.079737 1.364504 
0.854700 1.084785 1.363871 
0.858400 1.089830 1.363223 
0.862100 1.094873 1.362559 
0.865800 1.099913 1.361880 
0.869500 1.104951 1.361185 
0.873200 1.109986 1.360474 
0.876900 1.115018 1.359749 
0.880600 1.120048 1.359008 
0.884300 1.125075 1.358251 
0.888000 1.130099 1.357480 
0.891700 1.135120 1.356694 
0.895400 1.140138 1.355893 
0.899100 1.145154 1.355077 
0.902800 1.150166 1.354246 
0.906500 1.155175 1.353401 
0.910200 1.160181 1.352542 
0.913900 1.165184 1.351668 
0.917600 1.170183 1.350779 
0.921300 1.175180 1.349877 
0.925000 1.180172 1.348960 
0.928700 1.185162 1.348030 
0.932400 1.190148 1.347086 
0.936100 1.195130 1.346128 
0.939800 1.200109 1.345156 
0.943500 1.205084 1.344171 
0.947200 1.210056 1.343172 
0.950900 1.215024 1.342160 
0.954600 1.219988 1.341135 
0.958300 1.224948 1.340096 
0.962000 1.229905 1.339045 
0.965700 1.234857 1.337980 
0.969400 1.239806 1.336903 
0.973100 1.244750 1.335813 
0.976800 1.249691 1.334710 
0.980500 1.254627 1.333595 
0.984200 1.259559 1.332468 
0.987900 1.264487 1.331328 
0.991600 1.269411 1.330176 
0.995300 1.274331 1.329012 
0.999000 1.279246 1.327837 
1.002700 1.284157 1.326649 
1.006400 1.289063 1.325449 
1.010100 1.293965 1.324238 
1.013800 1.298862 1.323016 
1.017500 1.303755 1.321782 
1.021200 1.308643 1.320536 
1.024900 1.313527 1.319280 
1.028600 1.318406 1.318012 
1.032300 1.323280 1.316734 
1.036000 1.328150 1.315445 
1.039700 1.333015 1.314145 
1.043400 1.337875 1.312834 
1.047100 1.342730 1.311513 
1.050800 1.347580 1.310181 
1.054500 1.352425 1.308839 
1.058200 1.357265 1.307487 
1.061900 1.362100 1.306125 
1.065600 1.366930 1.304754 
1.069300 1.371756 1.303372 
1.073000 1.376575 1.301980 
1.076700 1.381390 1.300579 
1.080400 1.386200 1.299169 
1.084100 1.391004 1.297749 
1.087800 1.395803 1.296320 
1.091500 1.400597 1.294881 
1.095200 1.405385 1.293434 
1.098900 1.410168 1.291978 
1.102600 1.414946 1.290513 
1.106300 1.419718 1.289039 
1.110000 1.424485 1.287557 
1.113700 1.429246 1.286067 
1.117400 1.434002 1.284568 
1.121100 1.438752 1.283061 
1.124800 1.443496 1.281546 
1.128500 1.448235 1.280023 
1.132200 1.452968 1.278492 
1.135900 1.457696 1.276953 
1.139600 1.462418 1.275407 
1.143300 1.467134 1.273853 
1.147000 1.471844 1.272292 
1.150700 1.476549 1.270723 
1.154400 1.481248 1.269148 
1.158100 1.485941 1.267565 
1.161800 1.490628 1.265976 
1.165500 1.495309 1.264379 
1.169200 1.499984 1.262776 
1.172900 1.504653 1.261167 
1.176600 1.509317 1.259551 
1.180300 1.513974 1.257929 
1.184000 1.518625 1.256300 
1.187700 1.523271 1.254666 
1.191400 1.527910 1.253025 
1.195100 1.532543 1.251379 
1.198800 1.537170 1.249727 
1.202500 1.541791 1.248069 
1.206200 1.546406 1.246406 
1.209900 1.551014 1.244738 
1.213600 1.555617 1.243064 
1.217300 1.560213 1.241385 
1.221000 1.564803 1.239701 
1.224700 1.569387 1.238012 
1.228400 1.573964 1.236319 
1.232100 1.578536 1.234620 
1.235800 1.583100 1.232918 
1.239500 1.587659 1.231210 
1.243200 1.592211 1.229499 
1.246900 1.596757 1.227783 
1.250600 1.601297 1.226063 
1.254300 1.605830 1.224340 
1.258000 1.610357 1.222612 
1.261700 1.614878 1.220881 
1.265400 1.619392 1.219146 
1.269100 1.623899 1.217407 
1.272800 1.628400 1.215666 
1.276500 1.632895 1.213921 
1.280200 1.637383 1.212172 
1.283900 1.641865 1.210421 
1.287600 1.646341 1.208667 
1.291300 1.650809 1.206910 
1.295000 1.655272 1.205151 
1.298700 1.659728 1.203389 
1.302400 1.664177 1.201624 
1.306100 1.668620 1.199857 
1.309800 1.673056 1.198088 
1.313500 1.677485 1.196317 
1.317200 1.681908 1.194544 
1.320900 1.686325 1.192769 
1.324600 1.690735 1.190993 
1.328300 1.695138 1.189215 
1.332000 1.699535 1.187435 
1.335700 1.703925 1.185654 
1.339400 1.708309 1.183871 
1.343100 1.712686 1.182088 
1.346800 1.717056 1.180303 
1.350500 1.721420 1.178518 
1.354200 1.725777 1.176731 
1.357900 1.730128 1.174944 
1.361600 1.734472 1.173157 
1.365300 1.738809 1.171368 
1.369000 1.743140 1.169580 
1.372700 1.747464 1.167791 
1.376400 1.751782 1.166003 
1.380100 1.756093 1.164214 
1.383800 1.760397 1.162425 
1.387500 1.764695 1.160637 
1.391200 1.768986 1.158849 
1.394900 1.773270 1.157061 
1.398600 1.777548 1.155274 
1.402300 1.781819 1.153488 
1.406000 1.786084 1.151702 
1.409700 1.790342 1.149917 
1.413400 1.794593 1.148134 
1.417100 1.798838 1.146351 
1.420800 1.803076 1.144570 
1.424500 1.807308 1.142790 
1.428200 1.811533 1.141011 
1.431900 1.815751 1.139235 
1.435600 1.819963 1.137459 
1.439300 1.824168 1.135686 
1.443000 1.828367 1.133915 
1.446700 1.832559 1.132145 
1.450400 1.836745 1.130378 
1.454100 1.840924 1.128613 
1.457800 1.845097 1.126850 
1.461500 1.849263 1.125090 
1.465200 1.853423 1.123333 
1.468900 1.857576 1.121578 
1.472600 1.861722 1.119826 
1.476300 1.865862 1.118077 
1.480000 1.869996 1.116330 
1.483700 1.874123 1.114588 
1.487400 1.878244 1.112848 
1.491100 1.882358 1.111112 
1.494800 1.886466 1.109379 
1.498500 1.890568 1.107650 
1.502200 1.894663 1.105924 
1.505900 1.898751 1.104202 
1.509600 1.902834 1.102484 
1.513300 1.906910 1.100771 
1.517000 1.910980 1.099061 
1.520700 1.915043 1.097356 
1.524400 1.919100 1.095655 
1.528100 1.923151 1.093958 
1.531800 1.927195 1.092266 
1.535500 1.931234 1.090579 
1.539200 1.935266 1.088897 
1.542900 1.939291 1.087219 
1.546600 1.943311 1.085546 
1.550300 1.947324 1.083879 
1.554000 1.951332 1.082217 
1.557700 1.955333 1.080560 
1.561400 1.959328 1.078909 
1.565100 1.963317 1.077263 
1.568800 1.967300 1.075623 
1.572500 1.971276 1.073988 
1.576200 1.975247 1.072360 
1.579900 1.979212 1.070737 
1.583600 1.983171 1.069121 
1.587300 1.987123 1.067511 
1.591000 1.991070 1.065907 
1.594700 1.995011 1.064309 
1.598400 1.998946 1.062719 
1.602100 2.002875 1.061134 
1.605800 2.006799 1.059557 
1.609500 2.010716 1.057986 
1.613200 2.014628 1.056423 
1.616900 2.018533 1.054866 
1.620600 2.022434 1.053317 
1.624300 2.026328 1.051775 
1.628000 2.030217 1.050240 
1.631700 2.034100 1.048713 
1.635400 2.037977 1.047193 
1.639100 2.041849 1.045681 
1.642800 2.045715 1.044177 
1.646500 2.049576 1.042681 
1.650200 2.053431 1.041193 
1.653900 2.057281 1.039714 
1.657600 2.061125 1.038242 
1.661300 2.064964 1.036779 
1.665000 2.068797 1.035324 
1.668700 2.072625 1.033878 
1.672400 2.076448 1.032441 
1.676100 2.080265 1.031012 
1.679800 2.084077 1.029592 
1.683500 2.087884 1.028182 
1.687200 2.091686 1.026780 
1.690900 2.095482 1.025388 
1.694600 2.099274 1.024005 
1.698300 2.103060 1.022632 
1.702000 2.106841 1.021268 
1.705700 2.110618 1.019914 
1.709400 2.114389 1.018569 
1.713100 2.118155 1.017235 
1.716800 2.121916 1.015910 
1.720500 2.125673 1.014596 
1.724200 2.129424 1.013292 
1.727900 2.133171 1.011998 
1.731600 2.136913 1.010715 
1.735300 2.140650 1.009442 
1.739000 2.144383 1.008180 
1.742700 2.148111 1.006928 
1.746400 2.151834 1.005688 
1.750100 2.155553 1.004459 
1.753800 2.159267 1.003240 
1.757500 2.162977 1.002033 
1.761200 2.166682 1.000837 
1.764900 2.170383 0.999653 
1.768600 2.174080 0.998480 
1.772300 2.177772 0.997319 
1.776000 2.181460 0.996170 
1.779700 2.185144 0.995033 
1.783400 2.188823 0.993907 
1.787100 2.192499 0.992794 
1.790800 2.196170 0.991693 
1.794500 2.199837 0.990604 
1.798200 2.203500 0.989528 
1.801900 2.207160 0.988465 
1.805600 2.210815 0.987414 
1.809300 2.214467 0.986376 
1.813000 2.218114 0.985350 
1.816700 2.221758 0.984338 
1.820400 2.225398 0.983339 
1.824100 2.229035 0.982354 
1.827800 2.232668 0.981381 
1.831500 2.236297 0.980422 
1.835200 2.239923 0.979477 
1.838900 2.243545 0.978546 
1.842600 2.247164 0.977628 
1.846300 2.250780 0.976725 
1.850000 2.254392 0.975835 
1.853700 2.258001 0.974960 
1.857400 2.261607 0.974099 
1.861100 2.265209 0.973252 
1.864800 2.268809 0.972420 
1.868500 2.272405 0.971603 
1.872200 2.275999 0.970801 
1.875900 2.279589 0.970013 
1.879600 2.283177 0.969241 
1.883300 2.286762 0.968484 
1.887000 2.290344 0.967742 
1.890700 2.293923 0.967016 
1.894400 2.297500 0.966305 
1.898100 2.301074 0.965609 
1.901800 2.304645 0.964930 
1.905500 2.308214 0.964267 
1.909200 2.311781 0.963619 
1.912900 2.315345 0.962988 
1.916600 2.318907 0.962373 
1.920300 2.322466 0.961775 
1.924000 2.326024 0.961193 
1.927700 2.329579 0.960628 
1.931400 2.333133 0.960080 
1.935100 2.336684 0.959549 
1.938800 2.340233 0.959034 
1.942500 2.343781 0.958537 
1.946200 2.347326 0.958058 
1.949900 2.350870 0.957596 
1.953600 2.354413 0.957151 
1.957300 2.357953 0.956725 
1.961000 2.361492 0.956316 
1.964700 2.365030 0.955925 
1.968400 2.368566 0.955553 
1.972100 2.372101 0.955199 
1.975800 2.375635 0.954863 
1.979500 2.379167 0.954546 
1.983200 2.382699 0.954248 
1.986900 2.386229 0.953968 
1.990600 2.389758 0.953708 
1.994300 2.393286 0.953467 
1.998000 2.396814 0.953245 
2.001700 2.400340 0.953043 
2.005400 2.403866 0.952860 
2.009100 2.407391 0.952697 
2.012800 2.410916 0.952554 
2.016500 2.414440 0.952431 
2.020200 2.417964 0.952328 
2.023900 2.421488 0.952245 
2.027600 2.425011 0.952184 
2.031300 2.428534 0.952142 
2.035000 2.432057 0.952122 
2.038700 2.435579 0.952122 
2.042400 2.439102 0.952144 
2.046100 2.442625 0.952187 
2.049800 2.446149 0.952252 
2.053500 2.449672 0.952338 
2.057200 2.453196 0.952445 
2.060900 2.456720 0.952575 
2.064600 2.460245 0.952727 
2.068300 2.463770 0.952901 
2.072000 2.467296 0.953098 
2.075700 2.470823 0.953317 
2.079400 2.474351 0.953559 
2.083100 2.477880 0.953824 
2.086800 2.481409 0.954112 
2.090500 2.484940 0.954423 
2.094200 2.488472 0.954758 
2.097900 2.492005 0.955116 
2.101600 2.495540 0.955499 
2.105300 2.499076 0.955905 
2.109000 2.502614 0.956335 
2.112700 2.506153 0.956790 
2.116400 2.509694 0.957269 
2.120100 2.513237 0.957773 
2.123800 2.516782 0.958302 
2.127500 2.520328 0.958856 
2.131200 2.523877 0.959435 
2.134900 2.527428 0.960040 
2.138600 2.530981 0.960671 
2.142300 2.534537 0.961327 
2.146000 2.538095 0.962009 
2.149700 2.541656 0.962718 
2.153400 2.545219 0.963453 
2.157100 2.548786 0.964214 
2.160800 2.552355 0.965003 
2.164500 2.555927 0.965818 
2.168200 2.559502 0.966661 
2.171900 2.563080 0.967531 
2.175600 2.566662 0.968429 
2.179300 2.570246 0.969355 
2.183000 2.573835 0.970309 
2.186700 2.577427 0.971291 
2.190400 2.581022 0.972302 
2.194100 2.584622 0.973342 
2.197800 2.588225 0.974410 
2.201500 2.591833 0.975508 
2.205200 2.595444 0.976635 
2.208900 2.599060 0.977792 
2.212600 2.602680 0.978978 
2.216300 2.606304 0.980195 
2.220000 2.609933 0.981442 
2.223700 2.613567 0.982719 
2.227400 2.617205 0.984028 
2.231100 2.620849 0.985367 
2.234800 2.624497 0.986738 
2.238500 2.628151 0.988140 
2.242200 2.631809 0.989575 
2.245900 2.635473 0.991041 
2.249600 2.639143 0.992539 
2.253300 2.642818 0.994070 
2.257000 2.646499 0.995634 
2.260700 2.650186 0.997231 
2.264400 2.653879 0.998861 
2.268100 2.657578 1.000524 
2.271800 2.661283 1.002222 
2.275500 2.664994 1.003954 
2.279200 2.668712 1.005720 
2.282900 2.672436 1.007520 
2.286600 2.676168 1.009356 
2.290300 2.679906 1.011227 
2.294000 2.683651 1.013134 
2.297700 2.687403 1.015076 
2.301400 2.691162 1.017054 
2.305100 2.694929 1.019069 
2.308800 2.698704 1.021120 
2.312500 2.702486 1.023209 
2.316200 2.706275 1.025334 
2.319900 2.710073 1.027498 
2.323600 2.713879 1.029699 
2.327300 2.717693 1.031938 
2.331000 2.721515 1.034216 
2.334700 2.725346 1.036533 
2.338400 2.729186 1.038888 
2.342100 2.733034 1.041284 
2.345800 2.736891 1.043719 
2.349500 2.740758 1.046194 
2.353200 2.744633 1.048710 
2.356900 2.748518 1.051267 
2.360600 2.752413 1.053865 
2.364300 2.756317 1.056504 
2.368000 2.760231 1.059185 
2.371700 2.764155 1.061909 
2.375400 2.768089 1.064674 
2.379100 2.772033 1.067483 
2.382800 2.775988 1.070336 
2.386500 2.779954 1.073232 
2.390200 2.783930 1.076172 
2.393900 2.787918 1.079156 
2.397600 2.791916 1.082185 
2.401300 2.795926 1.085260 
2.405000 2.799947 1.088380 
2.408700 2.803980 1.091546 
2.412400 2.808025 1.094758 
2.416100 2.812081 1.098017 
2.419800 2.816150 1.101324 
2.423500 2.820231 1.104678 
2.427200 2.824325 1.108080 
2.430900 2.828431 1.111530 
2.434600 2.832550 1.115030 
2.438300 2.836682 1.118578 
2.442000 2.840828 1.122177 
2.445700 2.844986 1.125825 
2.449400 2.849159 1.129525 
2.453100 2.853345 1.133275 
2.456800 2.857545 1.137077 
2.460500 2.861759 1.140932 
2.464200 2.865988 1.144838 
2.467900 2.870231 1.148798 
2.471600 2.874489 1.152811 
2.475300 2.878762 1.156878 
2.479000 2.883050 1.160999 
2.482700 2.887354 1.165176 
2.486400 2.891672 1.169408 
2.490100 2.896007 1.173696 
2.493800 2.900358 1.178040 
2.497500 2.904725 1.182441 
2.501200 2.909108 1.186900 
2.504900 2.913508 1.191417 
2.508600 2.917925 1.195993 
2.512300 2.922358 1.200628 
2.516000 2.926809 1.205322 
2.519700 2.931278 1.210077 
2.523400 2.935764 1.214893 
2.527100 2.940268 1.219770 
2.530800 2.944790 1.224709 
2.534500 2.949331 1.229711 
2.538200 2.953890 1.234776 
2.541900 2.958468 1.239904 
2.545600 2.963066 1.245098 
2.549300 2.967682 1.250356 
2.553000 2.972318 1.255680 
2.556700 2.976974 1.261070 
2.560400 2.981650 1.266528 
2.564100 2.986347 1.272052 
2.567800 2.991064 1.277646 
2.571500 2.995801 1.283308 
2.575200 3.000560 1.289040 
2.578900 3.005340 1.294842 
2.582600 3.010142 1.300715 
2.586300 3.014966 1.306660 
2.590000 3.019811 1.312678 
2.593700 3.024680 1.318768 
2.597400 3.029570 1.324933 
2.601100 3.034484 1.331172 
2.604800 3.039421 1.337486 
2.608500 3.044382 1.343877 
2.612200 3.049366 1.350345 
2.615900 3.054374 1.356890 
2.619600 3.059407 1.363514 
2.623300 3.064464 1.370218 
2.627000 3.069547 1.377001 
2.630700 3.074654 1.383866 
2.634400 3.079788 1.390812 
2.638100 3.084947 1.397841 
2.641800 3.090132 1.404954 
2.645500 3.095343 1.412151 
2.649200 3.100582 1.419433 
2.652900 3.105847 1.426801 
2.656600 3.111140 1.434257 
2.660300 3.116461 1.441800 
2.664000 3.121810 1.449433 
2.667700 3.127187 1.457155 
2.671400 3.132593 1.464968 
2.675100 3.138028 1.472873 
2.678800 3.143492 1.480871 
2.682500 3.148986 1.488963 
2.686200 3.154510 1.497149 
2.689900 3.160065 1.505431 
2.693600 3.165651 1.513811 
2.697300 3.171267 1.522288 
2.701000 3.176916 1.530864 
2.704700 3.182596 1.539540 
2.708400 3.188308 1.548318 
2.712100 3.194054 1.557198 
2.715800 3.199832 1.566181 
2.719500 3.205644 1.575269 
2.723200 3.211489 1.584463 
2.726900 3.217369 1.593764 
2.730600 3.223283 1.603173 
2.734300 3.229232 1.612691 
2.738000 3.235217 1.622320 
2.741700 3.241238 1.632061 
2.745400 3.247294 1.641915 
2.749100 3.253388 1.651883 
2.752800 3.259519 1.661968 
2.756500 3.265687 1.672169 
2.760200 3.271893 1.682489 
2.763900 3.278137 1.692928 
2.767600 3.284421 1.703489 
2.771300 3.290743 1.714173 
2.775000 3.297106 1.724980 
2.778700 3.303508 1.735913 
2.782400 3.309951 1.746973 
2.786100 3.316436 1.758162 
2.789800 3.322962 1.769480 
2.793500 3.329530 1.780930 
2.797200 3.336141 1.792514 
2.800900 3.342795 1.804231 
2.804600 3.349493 1.816086 
2.808300 3.356234 1.828078 
2.812000 3.363021 1.840210 
2.815700 3.369852 1.852483 
2.819400 3.376729 1.864899 
2.823100 3.383652 1.877460 
2.826800 3.390622 1.890168 
2.830500 3.397640 1.903024 
2.834200 3.404705 1.916030 
2.837900 3.411819 1.929188 
2.841600 3.418981 1.942500 
2.845300 3.426193 1.955968 
2.849000 3.433456 1.969594 
2.852700 3.440768 1.983380 
2.856400 3.448133 1.997327 
2.860100 3.455549 2.011439 
2.863800 3.463018 2.025716 
2.867500 3.470539 2.040162 
2.871200 3.478115 2.054777 
2.874900 3.485745 2.069565 
2.878600 3.493430 2.084528 
2.882300 3.501171 2.099667 
2.886000 3.508968 2.114986 
2.889700 3.516822 2.130486 
2.893400 3.524734 2.146170 
2.897100 3.532704 2.162041 
2.900800 3.540733 2.178100 
2.904500 3.548822 2.194350 
2.908200 3.556971 2.210794 
2.911900 3.565182 2.227434 
2.915600 3.573455 2.244273 
2.919300 3.581790 2.261314 
2.923000 3.590189 2.278559 
2.926700 3.598651 2.296012 
2.930400 3.607179 2.313674 
2.934100 3.615773 2.331549 
2.937800 3.624433 2.349639 
2.941500 3.633161 2.367949 
2.945200 3.641956 2.386479 
2.948900 3.650821 2.405235 
2.952600 3.659755 2.424218 
2.956300 3.668760 2.443432 
2.960000 3.677837 2.462880 
2.963700 3.686986 2.482566 
2.967400 3.696208 2.502493 
2.971100 3.705505 2.522664 
2.974800 3.714876 2.543082 
2.978500 3.724324 2.563752 
2.982200 3.733848 2.584676 
2.985900 3.743451 2.605859 
2.989600 3.753132 2.627304 
2.993300 3.762893 2.649015 
2.997000 3.772735 2.670996 
3.000700 3.782659 2.693250 
3.004400 3.792665 2.715783 
3.008100 3.802756 2.738597 
3.011800 3.812931 2.761697 
3.015500 3.823193 2.785087 
3.019200 3.833541 2.808772 
3.022900 3.843978 2.832756 
3.026600 3.854504 2.857043 
3.030300 3.865121 2.881638 
3.034000 3.875829 2.906546 
3.037700 3.886629 2.931771 
3.041400 3.897524 2.957319 
3.045100 3.908514 2.983194 
3.048800 3.919600 3.009400 
3.052500 3.930784 3.035944 
3.056200 3.942067 3.062831 
3.059900 3.953449 3.090066 
3.063600 3.964933 3.117653 
3.067300 3.976520 3.145600 
3.071000 3.988211 3.173911 
3.074700 4.000008 3.202593 
3.078400 4.011911 3.231650 
3.082100 4.023922 3.261090 
3.085800 4.036044 3.290918 
3.089500 4.048276 3.321141 
3.093200 4.060621 3.351764 
3.096900 4.073079 3.382795 
3.100600 4.085654 3.414240 
3.104300 4.098345 3.446106 
3.108000 4.111155 3.478399 
3.111700 4.124086 3.511128 
3.115400 4.137138 3.544298 
3.119100 4.150314 3.577918 
3.122800 4.163615 3.611995 
3.126500 4.177044 3.646536 
3.130200 4.190600 3.681550 
3.133900 4.204288 3.717045 
3.137600 4.218107 3.753028 
3.141300 4.232061 3.789508 
3.145000 4.246150 3.826494 
3.148700 4.260377 3.863994 
3.152400 4.274744 3.902018 
3.156100 4.289253 3.940574 
3.159800 4.303905 3.979672 
3.163500 4.318703 4.019321 
3.167200 4.333649 4.059531 
3.170900 4.348744 4.100312 
3.174600 4.363992 4.141674 
3.178300 4.379394 4.183628 
3.182000 4.394952 4.226185 
3.185700 4.410668 4.269354 
3.189400 4.426546 4.313148 
3.193100 4.442586 4.357578 
3.196800 4.458792 4.402655 
3.200500 4.475167 4.448392 
3.204200 4.491711 4.494801 
3.207900 4.508429 4.541893 
3.211600 4.525322 4.589683 
3.215300 4.542394 4.638183 
3.219000 4.559646 4.687407 
3.222700 4.577081 4.737368 
3.226400 4.594703 4.788080 
3.230100 4.612514 4.839558 
3.233800 4.630517 4.891818 
3.237500 4.648714 4.944873 
3.241200 4.667110 4.998739 
3.244900 4.685706 5.053433 
3.248600 4.704506 5.108970 
3.252300 4.723514 5.165368 
3.256000 4.742731 5.222643 
3.259700 4.762162 5.280813 
3.263400 4.781810 5.339896 
3.267100 4.801679 5.399911 
3.270800 4.821771 5.460877 
3.274500 4.842090 5.522812 
3.278200 4.862641 5.585737 
3.281900 4.883426 5.649672 
3.285600 4.904450 5.714639 
3.289300 4.925716 5.780659 
3.293000 4.947228 5.847753 
3.296700 4.968990 5.915945 
3.300400 4.991007 5.985258 
3.304100 5.013283 6.055717 
3.307800 5.035821 6.127344 
3.311500 5.058626 6.200167 
3.315200 5.081704 6.274210 
3.318900 5.105057 6.349500 
3.322600 5.128692 6.426066 
3.326300 5.152612 6.503934 
3.330000 5.176822 6.583134 
3.333700 5.201329 6.663696 
3.337400 5.226135 6.745650 
3.341100 5.251248 6.829028 
3.344800 5.276672 6.913862 
3.348500 5.302413 7.000186 
3.352200 5.328475 7.088033 
3.355900 5.354866 7.177439 
3.359600 5.381590 7.268440 
3.363300 5.408654 7.361074 
3.367000 5.436064 7.455379 
3.370700 5.463826 7.551395 
3.374400 5.491947 7.649163 
3.378100 5.520432 7.748724 
3.381800 5.549290 7.850122 
3.385500 5.578526 7.953401 
3.389200 5.608147 8.058608 
3.392900 5.638162 8.165790 
3.396600 5.668576 8.274996 
3.400300 5.699399 8.386277 
3.404000 5.730638 8.499684 
3.407700 5.762300 8.615271 
3.411400 5.794393 8.733093 
3.415100 5.826927 8.853208 
3.418800 5.859910 8.975675 
3.422500 5.893350 9.100555 
3.426200 5.927257 9.227910 
3.429900 5.961640 9.357806 
3.433600 5.996508 9.490310 
3.437300 6.031871 9.625491 
3.441000 6.067740 9.763421 
3.444700 6.104124 9.904174 
3.448400 6.141035 10.047827 
3.452100 6.178482 10.194460 
3.455800 6.216477 10.344154 
3.459500 6.255032 10.496994 
3.463200 6.294159 10.653069 
3.466900 6.333869 10.812469 
3.470600 6.374176 10.975289 
3.474300 6.415091 11.141626 
3.478000 6.456628 11.311581 
3.481700 6.498801 11.485260 
3.485400 6.541624 11.662771 
3.489100 6.585110 11.844227 
3.492800 6.629276 12.029744 
3.496500 6.674136 12.219444 
3.500200 6.719705 12.413453 
3.503900 6.766001 12.611902 
3.507600 6.813039 12.814925 
3.511300 6.860837 13.022665 
3.515000 6.909413 13.235267 
3.518700 6.958784 13.452883 
3.522400 7.008970 13.675671 
3.526100 7.059991 13.903796 
3.529800 7.111865 14.137429 
3.533500 7.164615 14.376748 
3.537200 7.218260 14.621938 
3.540900 7.272825 14.873191 
3.544600 7.328330 15.130708 
3.548300 7.384800 15.394699 
3.552000 7.442259 15.665382 
3.555700 7.500732 15.942983 
3.559400 7.560246 16.227741 
3.563100 7.620827 16.519901 
3.566800 7.682502 16.819722 
3.570500 7.745302 17.127474 
3.574200 7.809256 17.443438 
3.577900 7.874394 17.767908 
3.581600 7.940749 18.101191 
3.585300 8.008354 18.443608 
3.589000 8.077244 18.795497 
3.592700 8.147453 19.157207 
3.596400 8.219020 19.529108 
3.600100 8.291981 19.911586 
3.603800 8.366379 20.305045 
3.607500 8.442253 20.709907 
3.611200 8.519647 21.126618 
3.614900 8.598605 21.555644 
3.618600 8.679174 21.997474 
3.622300 8.761403 22.452622 
3.626000 8.845341 22.921628 
3.629700 8.931041 23.405061 
3.633400 9.018557 23.903516 
3.637100 9.107946 24.417623 
3.640800 9.199267 24.948043 
3.644500 9.292582 25.495473 
3.648200 9.387956 26.060647 
3.651900 9.485454 26.644342 
3.655600 9.585148 27.247373 
3.659300 9.687110 27.870605 
3.663000 9.791416 28.514949 
3.666700 9.898147 29.181369 
3.670400 10.007387 29.870885 
3.674100 10.119222 30.584577 
3.677800 10.233744 31.323588 
3.681500 10.351049 32.089129 
3.685200 10.471238 32.882485 
3.688900 10.594415 33.705021 
3.692600 10.720693 34.558184 
3.696300 10.850186 35.443515 
3.700000 10.983016 36.362650 
3.703700 11.119313 37.317334 
