0.000000 0.000000
0.100000 0.104825
0.200000 0.218540
0.300000 0.339880
0.400000 0.467445
0.500000 0.599748
0.600000 0.735262
0.700000 0.872477
0.800000 1.009954
0.900000 1.146373
1.000000 1.280573
1.098167 1.409221
1.187249 1.522705
1.271706 1.627071
1.353105 1.724488
1.432559 1.816501
1.510924 1.904293
1.588979 1.988916
1.667035 2.070903
1.745091 2.150517
1.823146 2.228098
1.901202 2.304068
1.979258 2.378936
2.057313 2.453304
2.126914 2.519767
2.192177 2.582751
2.254055 2.643569
2.313095 2.703095
2.369650 2.761980
2.423964 2.820744
2.476217 2.879823
2.526548 2.939595
2.575069 3.000391
2.621873 3.062510
2.667038 3.126223
2.710635 3.191776
2.752727 3.259398
2.793370 3.329299
2.832618 3.401677
2.870519 3.476716
2.907120 3.554587
2.942467 3.635453
2.976601 3.719466
3.009564 3.806773
3.041396 3.897511
3.072133 3.991813
3.101813 4.089803
3.130473 4.191605
3.158145 4.297334
3.184865 4.407106
3.210663 4.521030
3.235573 4.639214
3.259625 4.761765
3.282848 4.888787
3.305270 5.020383
3.326921 5.156656
3.347827 5.297707
3.368014 5.443638
3.387508 5.594550
3.406332 5.750546
3.424512 5.911729
3.442069 6.078202
3.459027 6.250070
3.475406 6.427438
3.491227 6.610415
3.506510 6.799109
3.521276 6.993631
3.535541 7.194094
3.549325 7.400612
3.562644 7.613302
3.575516 7.832283
3.587956 8.057676
3.599981 8.289604
3.611604 8.528194
3.622841 8.773575
3.633706 9.025876
3.644211 9.285232
3.654371 9.551780
3.664196 9.825659
3.673700 10.107009
3.682894 10.395977
3.691788 10.692710
3.700394 10.997358
3.708721 11.310076
3.716781 11.631018
3.724581 11.960345
3.732132 12.298219
3.739442 12.644806
3.746519 13.000275
3.753373 13.364796
3.760010 13.738546
3.766438 14.121702
3.772664 14.514446
3.778696 14.916962
3.784541 15.329438
3.790204 15.752066
3.795692 16.185039
3.801011 16.628556
3.806166 17.082819
3.811164 17.548031
3.816010 18.024401
3.820708 18.512142
3.825265 19.011467
3.829684 19.522596
3.833970 20.045751
3.838128 20.581159
3.842162 21.129049
3.846076 21.689654
3.849874 22.263211
3.853560 22.849961
3.857138 23.450150
3.860610 24.064025
3.863982 24.691839
3.867255 25.333847
3.870433 25.990312
3.873520 26.661495
3.876517 27.347667
3.879429 28.049099
3.882258 28.766067
3.885005 29.498853
3.887675 30.247740
3.890269 31.013019
3.892791 31.794981
3.895241 32.593926
3.897623 33.410153
